MONTH	DAY	WITHDRAWAL
1	1	36.366
1	2	35.948
1	3	35.156
1	4	36.752
1	5	35.826
1	6	36.098
1	7	36.618
1	8	39.578
1	9	39.498
1	10	36.688
1	11	35.048
1	12	38.634
1	13	40.31
1	14	40.07
1	15	37.892
1	16	39.468
1	17	41.948
1	18	38.048
1	19	41.592
1	20	40.572
1	21	40.924
1	22	41.366
1	23	40.164
1	24	37.388
1	25	36.07
1	26	42.208
1	27	43.434
1	28	40.308
1	29	38.36
1	30	37.83
1	31	36.694
2	1	35.46
2	2	40.436
2	3	41.42
2	4	42.118
2	5	38.912
2	6	40.272
2	7	39.73
2	8	37.264
2	9	36.49
2	10	40.168
2	11	41.93
2	12	39.04
2	13	40.246
2	14	34.056
2	15	41.788
2	16	40.334
2	17	40.172
2	18	37.808
2	19	32.622
2	20	40.606
2	21	36.682
2	22	35.046
2	23	37.972
2	24	38.62
2	25	39.326
2	26	38.674
2	27	40.544
2	28	36.478
3	1	37.14
3	2	34.108
3	3	39.336
3	4	36.384
3	5	36.208
3	6	37.498
3	7	33.99
3	8	34.47
3	9	35.552
3	10	39.866
3	11	38.894
3	12	36.708
3	13	39.102
3	14	36.924
3	15	34.8
3	16	39.05
3	17	39.26
3	18	38.104
3	19	37.402
3	20	35.73
3	21	34.328
3	22	34.976
3	23	38.652
3	24	37.01
3	25	36.432
3	26	35.438
3	27	35.904
3	28	30.808
3	29	34.77
3	30	36.842
3	31	33.408
4	1	28.042
4	2	30.968
4	3	28.764
4	4	33.1
4	5	34.366
4	6	34.442
4	7	35.332
4	8	36.254
4	9	38.884
4	10	37.716
4	11	37.002
4	12	33.432
4	13	36.986
4	14	37.12
4	15	34.832
4	16	37.326
4	17	37.85
4	18	37.672
4	19	35.852
4	20	38.474
4	21	35.552
4	22	38.066
4	23	38.726
4	24	37.214
4	25	32.456
4	26	35.388
4	27	34.544
4	28	36.938
4	29	36.658
4	30	36.916
5	1	37.33
5	2	35.13
5	3	33.786
5	4	33.444
5	5	38.114
5	6	39.608
5	7	37.764
5	8	39.236
5	9	41.33
5	10	36.416
5	11	39.314
5	12	39.82
5	13	43.348
5	14	38.352
5	15	40.75
5	16	42.696
5	17	38.056
5	18	41.516
5	19	44.808
5	20	46.872
5	21	40.892
5	22	38.74
5	23	35.48
5	24	36.836
5	25	40.19
5	26	39.356
5	27	39.042
5	28	39.738
5	29	38.988
5	30	37.898
5	31	39.308
6	1	39.492
6	2	41.444
6	3	40.264
6	4	40.078
6	5	40.366
6	6	37.172
6	7	40.08
6	8	40.646
6	9	44.358
6	10	47.776
6	11	42.008
6	12	42.806
6	13	46.58
6	14	45.692
6	15	49.874
6	16	43.952
6	17	45.82
6	18	46.322
6	19	46.816
6	20	44.964
6	21	43.308
6	22	50.702
6	23	48.286
6	24	48.894
6	25	52.768
6	26	54.268
6	27	50.734
6	28	46.678
6	29	48.744
6	30	50.81
7	1	53.212
7	2	52.178
7	3	54.354
7	4	53.792
7	5	55.166
7	6	45.914
7	7	50.772
7	8	53.288
7	9	52.938
7	10	46.846
7	11	44.884
7	12	47.042
7	13	48.26
7	14	48.25
7	15	49.43
7	16	51.312
7	17	51.056
7	18	47.752
7	19	48.608
7	20	46.282
7	21	46.79
7	22	45.86
7	23	49.02
7	24	45.358
7	25	44.13
7	26	45.344
7	27	43.728
7	28	49.56
7	29	50.946
7	30	55.42
7	31	53.138
8	1	46.954
8	2	43.306
8	3	44.332
8	4	46.12
8	5	49.664
8	6	47.47
8	7	49.024
8	8	47.452
8	9	45.39
8	10	44.104
8	11	47.49
8	12	46.708
8	13	50.918
8	14	52.702
8	15	49.964
8	16	45.92
8	17	45.612
8	18	47.046
8	19	45.464
8	20	45.692
8	21	50.066
8	22	50.534
8	23	43.45
8	24	40.682
8	25	47.182
8	26	44.616
8	27	47.412
8	28	52.202
8	29	53.528
8	30	45.85
8	31	49.622
9	1	49.06
9	2	43.486
9	3	42.798
9	4	45.208
9	5	44.85
9	6	45.444
9	7	45.646
9	8	47.592
9	9	46.558
9	10	45.088
9	11	48.62
9	12	43.002
9	13	45.06
9	14	46.244
9	15	46.936
9	16	44.738
9	17	45.832
9	18	45.73
9	19	35.032
9	20	48.8
9	21	45.232
9	22	44.94
9	23	30.66
9	24	42.84
9	25	43.944
9	26	42.472
9	27	44.16
9	28	34.6
9	29	45.012
9	30	37.504
10	1	38.16
10	2	38.808
10	3	40.142
10	4	42.382
10	5	42.236
10	6	42.244
10	7	41.48
10	8	37.772
10	9	37.288
10	10	43.63
10	11	39.316
10	12	30.688
10	13	42.832
10	14	43.252
10	15	37.492
10	16	45.202
10	17	33.54
10	18	32.974
10	19	38.516
10	20	35.088
10	21	39.934
10	22	37.244
10	23	31.944
10	24	38.056
10	25	34.93
10	26	42.354
10	27	45.064
10	28	37.862
10	29	26.22
10	30	36.284
10	31	32.656
11	1	34.728
11	2	36.59
11	3	36.226
11	4	35.644
11	5	36.654
11	6	39.702
11	7	36.598
11	8	35.38
11	9	37.508
11	10	35.39
11	11	36.768
11	12	37.482
11	13	37.036
11	14	34.908
11	15	34.68
11	16	33.078
11	17	41.192
11	18	35.52
11	19	37.546
11	20	33.294
11	21	36.01
11	22	35.662
11	23	38.41
11	24	35.304
11	25	36.764
11	26	36.338
11	27	33.168
11	28	34.264
11	29	35.406
11	30	32.704
12	1	37.2
12	2	34.48
12	3	36.1
12	4	35.756
12	5	34.358
12	6	31.69
12	7	35.564
12	8	36.294
12	9	35.726
12	10	36.624
12	11	34.39
12	12	33.996
12	13	32.178
12	14	36.13
12	15	36.148
12	16	34.77
12	17	41.808
12	18	37.126
12	19	31.952
12	20	34.164
12	21	36.1
12	22	37.674
12	23	35.592
12	24	35.81
12	25	34.366
12	26	35.102
12	27	33.824
12	28	37.076
12	29	35.014
12	30	36.394
12	31	35.09
